450814997
843577117
843425103
583496184
463939057
861133494
497660133
843593391
843632231
583544987
1858075458
333310405
1990653162
753946944
623475643
713709341
346726922
1858070328
1862208264
1682280809
837729515
2822758266
498101407
767380317
730310357
1400449010
945476727
823636749
497661914
2133632112
2141020863
2800081814
2185874952
735566597
2291129343
894678801
766491311
1298282761
1624803912
2068033599
1180534892
1180533757
1779063631
2840191596
1877858319
1726494027
1120714022
1910457930
2857846877
2888888564
1926513010
643530417
2820127143
2595680138
773131200
773125288
884966711
1850026051
1893300731
632435682
2268351256
2886141254
541888371
1368857262
2734575927
2817145194
2791403093
