450814997
843577117
843425103
583496184
463939057
861133494
497660133
843593391
843632231
583544987
1858075458
333310405
1990653162
753946944
623475643
713709341
346726922
1858070328
1862208264
837729515
2822758266
498101407
767380317
730310357
1400449010
945476727
823636749
497661914
2133632112
2022986929
2957974874
2947745583
1726184748
1779063631
1251859358
642912021
2268351256
2840191596
1877858319
1726494027
1120714022
2141020863
2800081814
643530417
2820127143
2595680138
2886141254
1368857262
2561708057
2954190544
2993442344
2981582086
2353214593
2198339170
1850026051
1893300731
735566597
632435682
2291129343
894678801
766491311
1298282761
1624803912
2068033599
1180534892
1180533757
541888371
3019606498
2982306133
2288691268
